P0 identity: 852336 checks, 0 disagreements -> IDENTICAL EVENTS

=== A: POOLING LME archives (paired, all 470 queries per rung) ===
  mult        N   K3_ovf K3_shared    K1_ovf   K10_ovf   K50_ovf     dmin    delta     +-SE
     1      493    0.234     0.385     0.128     0.626     0.928    22.08    10.05     1.66
     2      986    0.260     0.396     0.138     0.677     0.936    22.04     8.98     1.64
     4     1973    0.260     0.421     0.138     0.747     0.974    22.00     8.02     1.65
    10     4926    0.285     0.445     0.155     0.766     0.949    21.89     5.72     1.61
    20     9854    0.294     0.457     0.162     0.779     0.972    21.76     4.43     1.59
    50    24630    0.345     0.504     0.162     0.804     0.972    21.59     2.67     1.55
float K3 overflow tie rate by rung: ['0.0000', '0.0000', '0.0000', '0.0000', '0.0000', '0.0000']

=== B: SUBSAMPLING rows inside ONE real archive ===
-- family LME --
      N       n   K3_ovf K3_shared    K1_ovf   K20_ovf    K3_bc     dmin    delta     nfr
     25     480    0.323     0.529     0.142     0.452     1.74    35.92    -4.17      40
     50     480    0.371     0.537     0.098     0.775     1.80    32.72     0.83      40
    100     480    0.298     0.471     0.123     0.815     1.73    29.27     5.42      40
    200     480    0.285     0.425     0.115     0.840     1.61    26.63    17.29      40
    400     480    0.206     0.329     0.115     0.840     1.44    23.17    11.67      40
    443       2    0.500     0.500     0.500     1.000     1.50    30.50   -16.67       2
    450       1    0.000     0.000     0.000     1.000     1.00    12.00     0.00       1
    451       1    0.000     1.000     0.000     1.000     2.00    24.00     0.00       1
    460       1    0.000     0.000     0.000     1.000     1.00    16.00    50.00       1
    462       1    0.000     0.000     0.000     1.000     1.00    13.00    50.00       1
    463       1    0.000     1.000     0.000     1.000     2.00    21.00     0.00       1
    466       2    0.500     0.500     0.000     1.000     1.50    25.00     0.00       2
    467       1    0.000     0.000     0.000     1.000     1.00    26.00     0.00       1
    472       1    0.000     1.000     0.000     1.000     2.00    21.00     0.00       1
    474       1    0.000     0.000     0.000     1.000     1.00    14.00     0.00       1
    475       1    0.000     1.000     1.000     1.000     3.00    34.00     0.00       1
    478       1    0.000     0.000     0.000     1.000     1.00    23.00     0.00       1
    479       2    0.500     0.500     0.000     0.500     1.50    18.00    37.50       2
    480       1    0.000     0.000     1.000     1.000     1.00    17.00     0.00       1
    481       2    0.000     0.500     0.000     0.500     1.50    27.50     0.00       2
    483       1    0.000     0.000     0.000     0.000     1.00    18.00     0.00       1
    484       3    0.333     0.333     0.000     0.667     1.33    23.00    33.33       3
    485       2    0.000     0.000     0.500     1.000     1.00    27.50     0.00       2
    486       3    0.333     0.333     0.000     1.000     1.33    24.67    33.33       3
    487       1    0.000     0.000     0.000     1.000     1.00    27.00   100.00       1
    489       1    0.000     0.000     0.000     1.000     1.00    16.00    50.00       1
    490       1    1.000     1.000     0.000     1.000     4.00    22.00  -100.00       1
    494       1    0.000     0.000     0.000     0.000     1.00     7.00     0.00       1
    503       2    0.500     0.500     0.000     1.000     1.50    24.50    33.33       2
    509       1    0.000     0.000     0.000     1.000     1.00    16.00     0.00       1
    513       1    0.000     0.000     1.000     1.000     1.00    23.00     0.00       1
    514       1    0.000     0.000     0.000     1.000     1.00    27.00     0.00       1
    524       1    0.000     0.000     0.000     1.000     1.00    28.00    50.00       1
    527       1    0.000     0.000     0.000     1.000     1.00    20.00     0.00       1
    551       1    1.000     1.000     0.000     1.000     2.00    25.00    50.00       1
-- family LOCOMO --
      N       n   K3_ovf K3_shared    K1_ovf   K20_ovf    K3_bc     dmin    delta     nfr
     25   18480    0.339     0.530     0.145     0.488     1.76    36.93    -0.65    1535
     50   18480    0.359     0.550     0.143     0.754     1.81    34.73     3.80    1535
    100   18480    0.362     0.552     0.142     0.816     1.84    32.48     6.87    1535
    200   18480    0.354     0.540     0.139     0.839     1.82    30.15     7.80    1535
    369      81    0.358     0.481     0.111     0.753     1.72    25.86     4.44      81
    400   17508    0.345     0.536     0.140     0.848     1.80    28.00     7.89    1454
    419     152    0.368     0.572     0.132     0.868     1.81    27.41     4.90     150
    509     156    0.269     0.462     0.096     0.917     1.61    26.08     5.55     156
    568     158    0.367     0.557     0.158     0.829     1.91    27.79     2.91     155
    629     199    0.322     0.548     0.171     0.824     1.79    26.56     5.19     199
    663     152    0.342     0.520     0.145     0.921     1.78    26.32     3.59     152
    675     123    0.382     0.585     0.187     0.837     1.93    27.71     6.26     123
    680     178    0.348     0.511     0.152     0.831     1.76    26.49    12.43     178
    681     191    0.387     0.565     0.099     0.827     1.85    25.90    14.36     191
    689     150    0.313     0.533     0.213     0.840     1.80    26.86     3.33     150
-- family RT --
      N       n   K3_ovf K3_shared    K1_ovf   K20_ovf    K3_bc     dmin    delta     nfr
     25    8736    0.340     0.529     0.146     0.467     1.75    36.71     2.61     705
     50    8736    0.359     0.555     0.142     0.758     1.82    34.41     5.15     705
    100    8736    0.355     0.536     0.135     0.815     1.82    31.85     6.64     705
    200    8736    0.339     0.509     0.135     0.841     1.77    29.26     9.15     705
    400    8736    0.326     0.498     0.131     0.849     1.73    26.88     8.68     705
    410      70    0.386     0.543     0.143     0.857     1.79    26.96     1.22      70
    422      71    0.296     0.465     0.141     0.887     1.72    28.17    -5.09      71
    453      73    0.342     0.452     0.082     0.808     1.73    24.14    -1.00      73
    476      70    0.300     0.486     0.129     0.814     1.59    25.47     7.74      70
    662      85    0.294     0.424     0.141     0.859     1.66    24.72     9.25      85
    800    4308    0.355     0.533     0.149     0.833     1.81    25.21    10.86     336
   1044      71    0.310     0.451     0.085     0.901     1.61    24.07    11.82      63
   1162      72    0.556     0.653     0.181     0.778     2.28    25.72     4.70      70
   1200    2592    0.337     0.556     0.167     0.815     1.85    23.60     9.64     203
   1256      70    0.300     0.571     0.157     0.886     1.80    23.67     9.55      59
   1500    1752    0.394     0.602     0.168     0.820     1.96    22.93     7.78     144
   1511      70    0.371     0.586     0.143     0.743     2.01    22.97     8.75      70
   1548      76    0.434     0.618     0.197     0.882     1.92    22.79     6.87      74

-- B paired (REALTALK archives with N0>=1500 only, same queries every rung) --
N=   25 n=  1752 K3_ovf=0.333 K3_shared=0.523 bc=1.75 thr=41.3 K1=0.152 K20=0.483 dmin=36.4
N=   50 n=  1752 K3_ovf=0.354 K3_shared=0.545 bc=1.80 thr=39.1 K1=0.146 K20=0.756 dmin=33.9
N=  100 n=  1752 K3_ovf=0.350 K3_shared=0.527 bc=1.82 thr=36.8 K1=0.138 K20=0.805 dmin=31.5
N=  200 n=  1752 K3_ovf=0.351 K3_shared=0.517 bc=1.78 thr=34.5 K1=0.145 K20=0.842 dmin=29.1
N=  400 n=  1752 K3_ovf=0.309 K3_shared=0.503 bc=1.73 thr=31.8 K1=0.154 K20=0.834 dmin=26.8
N=  800 n=  1752 K3_ovf=0.332 K3_shared=0.525 bc=1.77 thr=29.2 K1=0.150 K20=0.829 dmin=24.7
N= 1200 n=  1752 K3_ovf=0.351 K3_shared=0.551 bc=1.87 thr=27.8 K1=0.172 K20=0.815 dmin=23.5
N= 1500 n=  1752 K3_ovf=0.394 K3_shared=0.602 bc=1.96 thr=27.1 K1=0.168 K20=0.820 dmin=22.9
N= 1511 n=    70 K3_ovf=0.371 K3_shared=0.586 bc=2.01 thr=27.0 K1=0.143 K20=0.743 dmin=23.0
N= 1548 n=    76 K3_ovf=0.434 K3_shared=0.618 bc=1.92 thr=27.1 K1=0.197 K20=0.882 dmin=22.8

=== C: NATURAL N spread, per-archive then correlate with N ===
LME       n_arch=470 N=[ 396, 616]  r(K3_ovf,N)=+0.080 slope/1k=+1.0924  r(K3_shared,N)=+0.021  r(delta,N)=-0.012
          per-QUERY mean K3_ovf=0.2340   per-ARCHIVE mean K3_ovf=0.2340
LOCOMO    n_arch= 10 N=[ 369, 689]  r(K3_ovf,N)=+0.048 slope/1k=+0.0147  r(K3_shared,N)=+0.352  r(delta,N)=+0.369
          per-QUERY mean K3_ovf=0.3448   per-ARCHIVE mean K3_ovf=0.3458
PERLTQA   n_arch= 30 N=[ 293, 546]  r(K3_ovf,N)=+0.301 slope/1k=+0.2759  r(K3_shared,N)=+0.312  r(delta,N)=+0.185
          per-QUERY mean K3_ovf=0.2920   per-ARCHIVE mean K3_ovf=0.2917
REALTALK  n_arch= 10 N=[ 410,1548]  r(K3_ovf,N)=+0.417 slope/1k=+0.0756  r(K3_shared,N)=+0.694  r(delta,N)=+0.592
          per-QUERY mean K3_ovf=0.3585   per-ARCHIVE mean K3_ovf=0.3589

(D not ready)

WROTE results.json
